%YAML:1.0
---
K: !!opencv-matrix
   rows: 3
   cols: 3
   dt: d
   data: [636.469787597656, 0., 641.009582519531 ,
         0., 635.753845214844, 367.712066650391,
         0.,   0., 1.]
D: !!opencv-matrix
   rows: 1
   cols: 5
   dt: d
   data: [-0.0586584,0.0697568,-2.99359e-05,-0.000911402,-0.0225987]
