%YAML:1.0
---
K: !!opencv-matrix
   rows: 3
   cols: 3
   dt: d
   data: [318.06201171875, 0., 320.504791259766 ,
         0., 317.704254150391, 183.856033325195,
         0.,   0., 1.]
D: !!opencv-matrix
   rows: 1
   cols: 5
   dt: d
   data: [-0.0586583726108074,0.0697567984461784,-2.99359435302904e-05,-0.000911401526536793,-0.0225986875593662]
