%YAML:1.0
---
K: !!opencv-matrix
   rows: 3
   cols: 3
   dt: d
   data: [636.1240234375, 0., 641.009582519531 ,
         0., 635.408447265625, 407.712066650391,
         0.,   0., 1.]
D: !!opencv-matrix
   rows: 1
   cols: 5
   dt: d
   data: [-0.0586583726108074,0.0697567984461784,-2.99359435302904e-05,-0.000911401526536793,-0.0225986875593662]
