%YAML:1.0
---
K: !!opencv-matrix
   rows: 3
   cols: 3
   dt: d
   data: [286.844207763672, 0., 427.016204833984 ,
         0., 286.76708984375, 389.666412353516,
         0.,   0., 1.]
D: !!opencv-matrix
   rows: 1
   cols: 4
   dt: d
   data: [-0.016013290733099,0.057983260601759,-0.0539293698966503,0.0113047696650028]
