%YAML:1.0
---
K: !!opencv-matrix
   rows: 3
   cols: 3
   dt: d
   data: [380.844, 0., 320.606 ,
         0., 380.416, 244.627,
         0.,   0., 1.]
D: !!opencv-matrix
   rows: 1
   cols: 5
   dt: d
   data: [-0.0586584,0.0697568,-2.99359e-05,-0.000911402,-0.0225987]
